(10,17) 2025-05-23 06:54
Number of wires: 10
Number of comparators: 17
Total networks identified: 144
Running time: 00:00:00:080
Final checks time: 00:00:00:009
Total time: 00:00:00:089
Used memory: 126 MB
Total subsumptions checks: 20667
	- detected: 88 (0.4258%)
	- due to direct output inclusion: 85
	- failed by cluster sizes: 19996
	- failed by different zero/one sizes: 0
	- no permutation: 0
	- zero/one permutation fails: 0
	- values permutation fails: 0
Redundancies
	- due to comparator positions: 48
	- due to sorted output: 312

Network with 17 comparators, fitness: 0.457478
[(0,1);(2,3);(4,5);(6,7);(8,9);(0,2);(4,6);(1,3);(5,7);(0,4);(1,5);(2,6);(3,7);(0,8);(1,9);(3,5);(2,4)]
NOT a sorting network.

Network with 17 comparators, fitness: 0.548565
[(0,1);(2,3);(4,5);(6,7);(8,9);(0,2);(4,6);(1,3);(5,7);(0,4);(1,5);(2,6);(3,7);(0,8);(1,9);(3,9);(2,8)]
NOT a sorting network.

Network with 17 comparators, fitness: 0.548654
[(0,1);(2,3);(4,5);(6,7);(8,9);(0,2);(4,6);(1,3);(5,7);(0,4);(1,5);(2,6);(3,7);(0,8);(1,9);(3,6);(1,4)]
NOT a sorting network.

Network with 17 comparators, fitness: 0.548743
[(0,1);(2,3);(4,5);(6,7);(8,9);(0,2);(4,6);(1,3);(5,7);(0,4);(1,5);(2,6);(3,7);(0,8);(1,9);(3,6);(1,8)]
NOT a sorting network.

Network with 17 comparators, fitness: 0.457745
[(0,1);(2,3);(4,5);(6,7);(8,9);(0,2);(4,6);(1,3);(5,7);(0,4);(1,5);(2,6);(3,7);(0,8);(1,9);(3,5);(1,8)]
NOT a sorting network.

Network with 17 comparators, fitness: 0.548743
[(0,1);(2,3);(4,5);(6,7);(8,9);(0,2);(4,6);(1,3);(5,7);(0,4);(1,5);(2,6);(3,7);(0,8);(1,9);(3,6);(2,4)]
NOT a sorting network.

Network with 17 comparators, fitness: 0.548743
[(0,1);(2,3);(4,5);(6,7);(8,9);(0,2);(4,6);(1,3);(5,7);(0,4);(1,5);(2,6);(3,7);(0,8);(1,9);(2,8);(5,6)]
NOT a sorting network.

Network with 17 comparators, fitness: 0.548743
[(0,1);(2,3);(4,5);(6,7);(8,9);(0,2);(4,6);(1,3);(5,7);(0,4);(1,5);(2,6);(3,7);(0,8);(1,9);(2,8);(6,9)]
NOT a sorting network.

Network with 17 comparators, fitness: 0.457745
[(0,1);(2,3);(4,5);(6,7);(8,9);(0,2);(4,6);(1,3);(5,7);(0,4);(1,5);(2,6);(3,7);(0,8);(1,9);(3,5);(2,8)]
NOT a sorting network.

Network with 17 comparators, fitness: 0.548743
[(0,1);(2,3);(4,5);(6,7);(8,9);(0,2);(4,6);(1,3);(5,7);(0,4);(1,5);(2,6);(3,7);(0,8);(1,9);(3,6);(2,8)]
NOT a sorting network.

Network with 17 comparators, fitness: 0.366836
[(0,1);(2,3);(4,5);(6,7);(8,9);(0,2);(4,6);(1,3);(5,7);(0,4);(1,5);(2,6);(3,7);(0,8);(1,9);(3,5);(1,2)]
NOT a sorting network.

Network with 17 comparators, fitness: 0.457833
[(0,1);(2,3);(4,5);(6,7);(8,9);(0,2);(4,6);(1,3);(5,7);(0,4);(1,5);(2,6);(3,7);(0,8);(1,9);(3,6);(1,2)]
NOT a sorting network.

Network with 17 comparators, fitness: 0.639829
[(0,1);(2,3);(4,5);(6,7);(8,9);(0,2);(4,6);(1,3);(5,7);(0,4);(1,5);(2,6);(3,7);(0,8);(1,9);(3,8);(1,3)]
NOT a sorting network.

Network with 17 comparators, fitness: 0.639829
[(0,1);(2,3);(4,5);(6,7);(8,9);(0,2);(4,6);(1,3);(5,7);(0,4);(1,5);(2,6);(3,7);(0,8);(1,9);(3,9);(3,8)]
NOT a sorting network.

Network with 17 comparators, fitness: 0.548831
[(0,1);(2,3);(4,5);(6,7);(8,9);(0,2);(4,6);(1,3);(5,7);(0,4);(1,5);(2,6);(3,7);(0,8);(1,9);(6,8);(2,4)]
NOT a sorting network.

Network with 17 comparators, fitness: 0.548831
[(0,1);(2,3);(4,5);(6,7);(8,9);(0,2);(4,6);(1,3);(5,7);(0,4);(1,5);(2,6);(3,7);(0,8);(1,9);(3,9);(1,8)]
NOT a sorting network.

Network with 17 comparators, fitness: 0.548831
[(0,1);(2,3);(4,5);(6,7);(8,9);(0,2);(4,6);(1,3);(5,7);(0,4);(1,5);(2,6);(3,7);(0,8);(1,9);(6,8);(2,6)]
NOT a sorting network.

Network with 17 comparators, fitness: 0.639829
[(0,1);(2,3);(4,5);(6,7);(8,9);(0,2);(4,6);(1,3);(5,7);(0,4);(1,5);(2,6);(3,7);(0,8);(1,9);(3,8);(2,3)]
NOT a sorting network.

Network with 17 comparators, fitness: 0.548831
[(0,1);(2,3);(4,5);(6,7);(8,9);(0,2);(4,6);(1,3);(5,7);(0,4);(1,5);(2,6);(3,7);(0,8);(1,9);(3,9);(2,4)]
NOT a sorting network.

Network with 17 comparators, fitness: 0.639829
[(0,1);(2,3);(4,5);(6,7);(8,9);(0,2);(4,6);(1,3);(5,7);(0,4);(1,5);(2,6);(3,7);(0,8);(1,9);(3,8);(2,4)]
NOT a sorting network.

Network with 17 comparators, fitness: 0.548831
[(0,1);(2,3);(4,5);(6,7);(8,9);(0,2);(4,6);(1,3);(5,7);(0,4);(1,5);(2,6);(3,7);(0,8);(1,9);(2,8);(5,8)]
NOT a sorting network.

Network with 17 comparators, fitness: 0.457833
[(0,1);(2,3);(4,5);(6,7);(8,9);(0,2);(4,6);(1,3);(5,7);(0,4);(1,5);(2,6);(3,7);(0,8);(1,9);(6,8);(3,5)]
NOT a sorting network.

Network with 17 comparators, fitness: 0.548831
[(0,1);(2,3);(4,5);(6,7);(8,9);(0,2);(4,6);(1,3);(5,7);(0,4);(1,5);(2,6);(3,7);(0,8);(1,9);(3,9);(4,8)]
NOT a sorting network.

Network with 17 comparators, fitness: 0.548831
[(0,1);(2,3);(4,5);(6,7);(8,9);(0,2);(4,6);(1,3);(5,7);(0,4);(1,5);(2,6);(3,7);(0,8);(1,9);(3,9);(5,8)]
NOT a sorting network.

Network with 17 comparators, fitness: 0.548831
[(0,1);(2,3);(4,5);(6,7);(8,9);(0,2);(4,6);(1,3);(5,7);(0,4);(1,5);(2,6);(3,7);(0,8);(1,9);(3,9);(5,6)]
NOT a sorting network.

Network with 17 comparators, fitness: 0.548831
[(0,1);(2,3);(4,5);(6,7);(8,9);(0,2);(4,6);(1,3);(5,7);(0,4);(1,5);(2,6);(3,7);(0,8);(1,9);(3,5);(3,8)]
NOT a sorting network.

Network with 17 comparators, fitness: 0.548831
[(0,1);(2,3);(4,5);(6,7);(8,9);(0,2);(4,6);(1,3);(5,7);(0,4);(1,5);(2,6);(3,7);(0,8);(1,9);(6,8);(3,9)]
NOT a sorting network.

Network with 17 comparators, fitness: 0.457833
[(0,1);(2,3);(4,5);(6,7);(8,9);(0,2);(4,6);(1,3);(5,7);(0,4);(1,5);(2,6);(3,7);(0,8);(1,9);(3,9);(3,5)]
NOT a sorting network.

Network with 17 comparators, fitness: 0.639829
[(0,1);(2,3);(4,5);(6,7);(8,9);(0,2);(4,6);(1,3);(5,7);(0,4);(1,5);(2,6);(3,7);(0,8);(1,9);(3,6);(3,8)]
NOT a sorting network.

Network with 17 comparators, fitness: 0.457833
[(0,1);(2,3);(4,5);(6,7);(8,9);(0,2);(4,6);(1,3);(5,7);(0,4);(1,5);(2,6);(3,7);(0,8);(1,9);(3,5);(3,9)]
NOT a sorting network.

Network with 17 comparators, fitness: 0.639829
[(0,1);(2,3);(4,5);(6,7);(8,9);(0,2);(4,6);(1,3);(5,7);(0,4);(1,5);(2,6);(3,7);(0,8);(1,9);(3,8);(5,6)]
NOT a sorting network.

Network with 17 comparators, fitness: 0.457922
[(0,1);(2,3);(4,5);(6,7);(8,9);(0,2);(4,6);(1,3);(5,7);(0,4);(1,5);(2,6);(3,7);(0,8);(1,9);(6,8);(1,2)]
NOT a sorting network.

Network with 17 comparators, fitness: 0.457922
[(0,1);(2,3);(4,5);(6,7);(8,9);(0,2);(4,6);(1,3);(5,7);(0,4);(1,5);(2,6);(3,7);(0,8);(1,9);(3,9);(1,2)]
NOT a sorting network.

Network with 17 comparators, fitness: 0.54892
[(0,1);(2,3);(4,5);(6,7);(8,9);(0,2);(4,6);(1,3);(5,7);(0,4);(1,5);(2,6);(3,7);(0,8);(1,9);(3,8);(1,2)]
NOT a sorting network.

Network with 17 comparators, fitness: 0.54892
[(0,1);(2,3);(4,5);(6,7);(8,9);(0,2);(4,6);(1,3);(5,7);(0,4);(1,5);(2,6);(3,7);(0,8);(1,9);(6,8);(8,9)]
NOT a sorting network.

Network with 17 comparators, fitness: 0.54892
[(0,1);(2,3);(4,5);(6,7);(8,9);(0,2);(4,6);(1,3);(5,7);(0,4);(1,5);(2,6);(3,7);(0,8);(1,9);(3,9);(1,4)]
NOT a sorting network.

Network with 17 comparators, fitness: 0.54892
[(0,1);(2,3);(4,5);(6,7);(8,9);(0,2);(4,6);(1,3);(5,7);(0,4);(1,5);(2,6);(3,7);(0,8);(1,9);(6,8);(1,6)]
NOT a sorting network.

Network with 17 comparators, fitness: 0.54892
[(0,1);(2,3);(4,5);(6,7);(8,9);(0,2);(4,6);(1,3);(5,7);(0,4);(1,5);(2,6);(3,7);(0,8);(1,9);(1,8);(2,4)]
NOT a sorting network.

Network with 17 comparators, fitness: 0.457922
[(0,1);(2,3);(4,5);(6,7);(8,9);(0,2);(4,6);(1,3);(5,7);(0,4);(1,5);(2,6);(3,7);(0,8);(1,9);(6,9);(1,2)]
NOT a sorting network.

Network with 17 comparators, fitness: 0.639918
[(0,1);(2,3);(4,5);(6,7);(8,9);(0,2);(4,6);(1,3);(5,7);(0,4);(1,5);(2,6);(3,7);(0,8);(1,9);(3,8);(1,4)]
NOT a sorting network.

Network with 17 comparators, fitness: 0.457922
[(0,1);(2,3);(4,5);(6,7);(8,9);(0,2);(4,6);(1,3);(5,7);(0,4);(1,5);(2,6);(3,7);(0,8);(1,9);(3,5);(2,3)]
NOT a sorting network.

Network with 17 comparators, fitness: 0.54892
[(0,1);(2,3);(4,5);(6,7);(8,9);(0,2);(4,6);(1,3);(5,7);(0,4);(1,5);(2,6);(3,7);(0,8);(1,9);(3,6);(2,5)]
NOT a sorting network.

Network with 17 comparators, fitness: 0.457922
[(0,1);(2,3);(4,5);(6,7);(8,9);(0,2);(4,6);(1,3);(5,7);(0,4);(1,5);(2,6);(3,7);(0,8);(1,9);(3,5);(2,9)]
NOT a sorting network.

Network with 17 comparators, fitness: 0.54892
[(0,1);(2,3);(4,5);(6,7);(8,9);(0,2);(4,6);(1,3);(5,7);(0,4);(1,5);(2,6);(3,7);(0,8);(1,9);(2,4);(6,9)]
NOT a sorting network.

Network with 17 comparators, fitness: 0.639918
[(0,1);(2,3);(4,5);(6,7);(8,9);(0,2);(4,6);(1,3);(5,7);(0,4);(1,5);(2,6);(3,7);(0,8);(1,9);(3,8);(6,9)]
NOT a sorting network.

Network with 17 comparators, fitness: 0.457922
[(0,1);(2,3);(4,5);(6,7);(8,9);(0,2);(4,6);(1,3);(5,7);(0,4);(1,5);(2,6);(3,7);(0,8);(1,9);(3,5);(3,6)]
NOT a sorting network.

Network with 17 comparators, fitness: 0.54892
[(0,1);(2,3);(4,5);(6,7);(8,9);(0,2);(4,6);(1,3);(5,7);(0,4);(1,5);(2,6);(3,7);(0,8);(1,9);(6,8);(3,8)]
NOT a sorting network.

Network with 17 comparators, fitness: 0.639918
[(0,1);(2,3);(4,5);(6,7);(8,9);(0,2);(4,6);(1,3);(5,7);(0,4);(1,5);(2,6);(3,7);(0,8);(1,9);(3,6);(3,4)]
NOT a sorting network.

Network with 17 comparators, fitness: 0.639918
[(0,1);(2,3);(4,5);(6,7);(8,9);(0,2);(4,6);(1,3);(5,7);(0,4);(1,5);(2,6);(3,7);(0,8);(1,9);(3,8);(3,4)]
NOT a sorting network.

Network with 17 comparators, fitness: 0.639918
[(0,1);(2,3);(4,5);(6,7);(8,9);(0,2);(4,6);(1,3);(5,7);(0,4);(1,5);(2,6);(3,7);(0,8);(1,9);(3,8);(5,8)]
NOT a sorting network.

Network with 17 comparators, fitness: 0.54892
[(0,1);(2,3);(4,5);(6,7);(8,9);(0,2);(4,6);(1,3);(5,7);(0,4);(1,5);(2,6);(3,7);(0,8);(1,9);(3,9);(3,6)]
NOT a sorting network.

Network with 17 comparators, fitness: 0.54892
[(0,1);(2,3);(4,5);(6,7);(8,9);(0,2);(4,6);(1,3);(5,7);(0,4);(1,5);(2,6);(3,7);(0,8);(1,9);(2,8);(4,8)]
NOT a sorting network.

Network with 17 comparators, fitness: 0.457922
[(0,1);(2,3);(4,5);(6,7);(8,9);(0,2);(4,6);(1,3);(5,7);(0,4);(1,5);(2,6);(3,7);(0,8);(1,9);(3,6);(5,6)]
NOT a sorting network.

Network with 17 comparators, fitness: 0.54892
[(0,1);(2,3);(4,5);(6,7);(8,9);(0,2);(4,6);(1,3);(5,7);(0,4);(1,5);(2,6);(3,7);(0,8);(1,9);(2,4);(4,8)]
NOT a sorting network.

Network with 17 comparators, fitness: 0.54892
[(0,1);(2,3);(4,5);(6,7);(8,9);(0,2);(4,6);(1,3);(5,7);(0,4);(1,5);(2,6);(3,7);(0,8);(1,9);(1,8);(6,8)]
NOT a sorting network.

Network with 17 comparators, fitness: 0.457922
[(0,1);(2,3);(4,5);(6,7);(8,9);(0,2);(4,6);(1,3);(5,7);(0,4);(1,5);(2,6);(3,7);(0,8);(1,9);(3,5);(5,6)]
NOT a sorting network.

Network with 17 comparators, fitness: 0.639918
[(0,1);(2,3);(4,5);(6,7);(8,9);(0,2);(4,6);(1,3);(5,7);(0,4);(1,5);(2,6);(3,7);(0,8);(1,9);(3,8);(6,8)]
NOT a sorting network.

Network with 17 comparators, fitness: 0.54892
[(0,1);(2,3);(4,5);(6,7);(8,9);(0,2);(4,6);(1,3);(5,7);(0,4);(1,5);(2,6);(3,7);(0,8);(1,9);(6,9);(3,6)]
NOT a sorting network.

Network with 17 comparators, fitness: 0.54892
[(0,1);(2,3);(4,5);(6,7);(8,9);(0,2);(4,6);(1,3);(5,7);(0,4);(1,5);(2,6);(3,7);(0,8);(1,9);(1,8);(6,9)]
NOT a sorting network.

Network with 17 comparators, fitness: 0.54892
[(0,1);(2,3);(4,5);(6,7);(8,9);(0,2);(4,6);(1,3);(5,7);(0,4);(1,5);(2,6);(3,7);(0,8);(1,9);(3,6);(4,9)]
NOT a sorting network.

Network with 17 comparators, fitness: 0.457922
[(0,1);(2,3);(4,5);(6,7);(8,9);(0,2);(4,6);(1,3);(5,7);(0,4);(1,5);(2,6);(3,7);(0,8);(1,9);(3,5);(6,9)]
NOT a sorting network.

Network with 17 comparators, fitness: 0.549009
[(0,1);(2,3);(4,5);(6,7);(8,9);(0,2);(4,6);(1,3);(5,7);(0,4);(1,5);(2,6);(3,7);(0,8);(1,9);(2,8);(1,4)]
NOT a sorting network.

Network with 17 comparators, fitness: 0.549009
[(0,1);(2,3);(4,5);(6,7);(8,9);(0,2);(4,6);(1,3);(5,7);(0,4);(1,5);(2,6);(3,7);(0,8);(1,9);(3,6);(1,3)]
NOT a sorting network.

Network with 17 comparators, fitness: 0.549009
[(0,1);(2,3);(4,5);(6,7);(8,9);(0,2);(4,6);(1,3);(5,7);(0,4);(1,5);(2,6);(3,7);(0,8);(1,9);(2,8);(1,8)]
NOT a sorting network.

Network with 17 comparators, fitness: 0.549009
[(0,1);(2,3);(4,5);(6,7);(8,9);(0,2);(4,6);(1,3);(5,7);(0,4);(1,5);(2,6);(3,7);(0,8);(1,9);(1,8);(2,5)]
NOT a sorting network.

Network with 17 comparators, fitness: 0.458011
[(0,1);(2,3);(4,5);(6,7);(8,9);(0,2);(4,6);(1,3);(5,7);(0,4);(1,5);(2,6);(3,7);(0,8);(1,9);(3,5);(1,6)]
NOT a sorting network.

Network with 17 comparators, fitness: 0.549009
[(0,1);(2,3);(4,5);(6,7);(8,9);(0,2);(4,6);(1,3);(5,7);(0,4);(1,5);(2,6);(3,7);(0,8);(1,9);(3,5);(5,8)]
NOT a sorting network.

Network with 17 comparators, fitness: 0.549009
[(0,1);(2,3);(4,5);(6,7);(8,9);(0,2);(4,6);(1,3);(5,7);(0,4);(1,5);(2,6);(3,7);(0,8);(1,9);(6,8);(2,5)]
NOT a sorting network.

Network with 17 comparators, fitness: 0.549009
[(0,1);(2,3);(4,5);(6,7);(8,9);(0,2);(4,6);(1,3);(5,7);(0,4);(1,5);(2,6);(3,7);(0,8);(1,9);(1,8);(2,9)]
NOT a sorting network.

Network with 17 comparators, fitness: 0.549009
[(0,1);(2,3);(4,5);(6,7);(8,9);(0,2);(4,6);(1,3);(5,7);(0,4);(1,5);(2,6);(3,7);(0,8);(1,9);(3,9);(2,3)]
NOT a sorting network.

Network with 17 comparators, fitness: 0.549009
[(0,1);(2,3);(4,5);(6,7);(8,9);(0,2);(4,6);(1,3);(5,7);(0,4);(1,5);(2,6);(3,7);(0,8);(1,9);(1,2);(2,8)]
NOT a sorting network.

Network with 17 comparators, fitness: 0.549009
[(0,1);(2,3);(4,5);(6,7);(8,9);(0,2);(4,6);(1,3);(5,7);(0,4);(1,5);(2,6);(3,7);(0,8);(1,9);(6,8);(2,9)]
NOT a sorting network.

Network with 17 comparators, fitness: 0.549009
[(0,1);(2,3);(4,5);(6,7);(8,9);(0,2);(4,6);(1,3);(5,7);(0,4);(1,5);(2,6);(3,7);(0,8);(1,9);(2,8);(3,4)]
NOT a sorting network.

Network with 17 comparators, fitness: 0.549009
[(0,1);(2,3);(4,5);(6,7);(8,9);(0,2);(4,6);(1,3);(5,7);(0,4);(1,5);(2,6);(3,7);(0,8);(1,9);(3,5);(5,9)]
NOT a sorting network.

Network with 17 comparators, fitness: 0.549009
[(0,1);(2,3);(4,5);(6,7);(8,9);(0,2);(4,6);(1,3);(5,7);(0,4);(1,5);(2,6);(3,7);(0,8);(1,9);(2,4);(4,9)]
NOT a sorting network.

Network with 17 comparators, fitness: 0.549009
[(0,1);(2,3);(4,5);(6,7);(8,9);(0,2);(4,6);(1,3);(5,7);(0,4);(1,5);(2,6);(3,7);(0,8);(1,9);(3,9);(2,5)]
NOT a sorting network.

Network with 17 comparators, fitness: 0.640007
[(0,1);(2,3);(4,5);(6,7);(8,9);(0,2);(4,6);(1,3);(5,7);(0,4);(1,5);(2,6);(3,7);(0,8);(1,9);(3,8);(2,5)]
NOT a sorting network.

Network with 17 comparators, fitness: 0.640007
[(0,1);(2,3);(4,5);(6,7);(8,9);(0,2);(4,6);(1,3);(5,7);(0,4);(1,5);(2,6);(3,7);(0,8);(1,9);(6,8);(3,6)]
NOT a sorting network.

Network with 17 comparators, fitness: 0.640007
[(0,1);(2,3);(4,5);(6,7);(8,9);(0,2);(4,6);(1,3);(5,7);(0,4);(1,5);(2,6);(3,7);(0,8);(1,9);(3,8);(2,9)]
NOT a sorting network.

Network with 17 comparators, fitness: 0.549009
[(0,1);(2,3);(4,5);(6,7);(8,9);(0,2);(4,6);(1,3);(5,7);(0,4);(1,5);(2,6);(3,7);(0,8);(1,9);(2,8);(4,9)]
NOT a sorting network.

Network with 17 comparators, fitness: 0.549009
[(0,1);(2,3);(4,5);(6,7);(8,9);(0,2);(4,6);(1,3);(5,7);(0,4);(1,5);(2,6);(3,7);(0,8);(1,9);(3,9);(3,4)]
NOT a sorting network.

Network with 17 comparators, fitness: 0.640007
[(0,1);(2,3);(4,5);(6,7);(8,9);(0,2);(4,6);(1,3);(5,7);(0,4);(1,5);(2,6);(3,7);(0,8);(1,9);(3,8);(3,6)]
NOT a sorting network.

Network with 17 comparators, fitness: 0.640007
[(0,1);(2,3);(4,5);(6,7);(8,9);(0,2);(4,6);(1,3);(5,7);(0,4);(1,5);(2,6);(3,7);(0,8);(1,9);(3,8);(3,5)]
NOT a sorting network.

Network with 17 comparators, fitness: 0.549009
[(0,1);(2,3);(4,5);(6,7);(8,9);(0,2);(4,6);(1,3);(5,7);(0,4);(1,5);(2,6);(3,7);(0,8);(1,9);(3,6);(6,9)]
NOT a sorting network.

Network with 17 comparators, fitness: 0.4581
[(0,1);(2,3);(4,5);(6,7);(8,9);(0,2);(4,6);(1,3);(5,7);(0,4);(1,5);(2,6);(3,7);(0,8);(1,9);(2,8);(1,2)]
NOT a sorting network.

Network with 17 comparators, fitness: 0.4581
[(0,1);(2,3);(4,5);(6,7);(8,9);(0,2);(4,6);(1,3);(5,7);(0,4);(1,5);(2,6);(3,7);(0,8);(1,9);(1,8);(1,2)]
NOT a sorting network.

Network with 17 comparators, fitness: 0.4581
[(0,1);(2,3);(4,5);(6,7);(8,9);(0,2);(4,6);(1,3);(5,7);(0,4);(1,5);(2,6);(3,7);(0,8);(1,9);(2,4);(1,2)]
NOT a sorting network.

Network with 17 comparators, fitness: 0.549098
[(0,1);(2,3);(4,5);(6,7);(8,9);(0,2);(4,6);(1,3);(5,7);(0,4);(1,5);(2,6);(3,7);(0,8);(1,9);(6,9);(2,6)]
NOT a sorting network.

Network with 17 comparators, fitness: 0.549098
[(0,1);(2,3);(4,5);(6,7);(8,9);(0,2);(4,6);(1,3);(5,7);(0,4);(1,5);(2,6);(3,7);(0,8);(1,9);(2,4);(1,4)]
NOT a sorting network.

Network with 17 comparators, fitness: 0.549098
[(0,1);(2,3);(4,5);(6,7);(8,9);(0,2);(4,6);(1,3);(5,7);(0,4);(1,5);(2,6);(3,7);(0,8);(1,9);(2,8);(1,6)]
NOT a sorting network.

Network with 17 comparators, fitness: 0.549098
[(0,1);(2,3);(4,5);(6,7);(8,9);(0,2);(4,6);(1,3);(5,7);(0,4);(1,5);(2,6);(3,7);(0,8);(1,9);(2,4);(1,6)]
NOT a sorting network.

Network with 17 comparators, fitness: 0.549098
[(0,1);(2,3);(4,5);(6,7);(8,9);(0,2);(4,6);(1,3);(5,7);(0,4);(1,5);(2,6);(3,7);(0,8);(1,9);(3,9);(1,6)]
NOT a sorting network.

Network with 17 comparators, fitness: 0.549098
[(0,1);(2,3);(4,5);(6,7);(8,9);(0,2);(4,6);(1,3);(5,7);(0,4);(1,5);(2,6);(3,7);(0,8);(1,9);(2,8);(2,4)]
NOT a sorting network.

Network with 17 comparators, fitness: 0.549098
[(0,1);(2,3);(4,5);(6,7);(8,9);(0,2);(4,6);(1,3);(5,7);(0,4);(1,5);(2,6);(3,7);(0,8);(1,9);(2,4);(2,8)]
NOT a sorting network.

Network with 17 comparators, fitness: 0.640096
[(0,1);(2,3);(4,5);(6,7);(8,9);(0,2);(4,6);(1,3);(5,7);(0,4);(1,5);(2,6);(3,7);(0,8);(1,9);(3,8);(1,6)]
NOT a sorting network.

Network with 17 comparators, fitness: 0.640096
[(0,1);(2,3);(4,5);(6,7);(8,9);(0,2);(4,6);(1,3);(5,7);(0,4);(1,5);(2,6);(3,7);(0,8);(1,9);(3,8);(4,8)]
NOT a sorting network.

Network with 17 comparators, fitness: 0.549098
[(0,1);(2,3);(4,5);(6,7);(8,9);(0,2);(4,6);(1,3);(5,7);(0,4);(1,5);(2,6);(3,7);(0,8);(1,9);(6,8);(7,9)]
NOT a sorting network.

Network with 17 comparators, fitness: 0.4581
[(0,1);(2,3);(4,5);(6,7);(8,9);(0,2);(4,6);(1,3);(5,7);(0,4);(1,5);(2,6);(3,7);(0,8);(1,9);(2,5);(1,2)]
NOT a sorting network.

Network with 17 comparators, fitness: 0.549098
[(0,1);(2,3);(4,5);(6,7);(8,9);(0,2);(4,6);(1,3);(5,7);(0,4);(1,5);(2,6);(3,7);(0,8);(1,9);(2,5);(1,4)]
NOT a sorting network.

Network with 17 comparators, fitness: 0.4581
[(0,1);(2,3);(4,5);(6,7);(8,9);(0,2);(4,6);(1,3);(5,7);(0,4);(1,5);(2,6);(3,7);(0,8);(1,9);(3,5);(7,8)]
NOT a sorting network.

Network with 17 comparators, fitness: 0.549098
[(0,1);(2,3);(4,5);(6,7);(8,9);(0,2);(4,6);(1,3);(5,7);(0,4);(1,5);(2,6);(3,7);(0,8);(1,9);(3,9);(5,9)]
NOT a sorting network.

Network with 17 comparators, fitness: 0.4581
[(0,1);(2,3);(4,5);(6,7);(8,9);(0,2);(4,6);(1,3);(5,7);(0,4);(1,5);(2,6);(3,7);(0,8);(1,9);(3,5);(7,9)]
NOT a sorting network.

Network with 17 comparators, fitness: 0.549098
[(0,1);(2,3);(4,5);(6,7);(8,9);(0,2);(4,6);(1,3);(5,7);(0,4);(1,5);(2,6);(3,7);(0,8);(1,9);(2,9);(1,4)]
NOT a sorting network.

Network with 17 comparators, fitness: 0.549098
[(0,1);(2,3);(4,5);(6,7);(8,9);(0,2);(4,6);(1,3);(5,7);(0,4);(1,5);(2,6);(3,7);(0,8);(1,9);(3,9);(6,9)]
NOT a sorting network.

Network with 17 comparators, fitness: 0.549098
[(0,1);(2,3);(4,5);(6,7);(8,9);(0,2);(4,6);(1,3);(5,7);(0,4);(1,5);(2,6);(3,7);(0,8);(1,9);(3,6);(7,8)]
NOT a sorting network.

Network with 17 comparators, fitness: 0.549098
[(0,1);(2,3);(4,5);(6,7);(8,9);(0,2);(4,6);(1,3);(5,7);(0,4);(1,5);(2,6);(3,7);(0,8);(1,9);(2,5);(2,8)]
NOT a sorting network.

Network with 17 comparators, fitness: 0.4581
[(0,1);(2,3);(4,5);(6,7);(8,9);(0,2);(4,6);(1,3);(5,7);(0,4);(1,5);(2,6);(3,7);(0,8);(1,9);(1,2);(2,9)]
NOT a sorting network.

Network with 17 comparators, fitness: 0.640096
[(0,1);(2,3);(4,5);(6,7);(8,9);(0,2);(4,6);(1,3);(5,7);(0,4);(1,5);(2,6);(3,7);(0,8);(1,9);(3,8);(7,9)]
NOT a sorting network.

Network with 17 comparators, fitness: 0.549098
[(0,1);(2,3);(4,5);(6,7);(8,9);(0,2);(4,6);(1,3);(5,7);(0,4);(1,5);(2,6);(3,7);(0,8);(1,9);(6,9);(2,5)]
NOT a sorting network.

Network with 17 comparators, fitness: 0.549098
[(0,1);(2,3);(4,5);(6,7);(8,9);(0,2);(4,6);(1,3);(5,7);(0,4);(1,5);(2,6);(3,7);(0,8);(1,9);(2,5);(5,9)]
NOT a sorting network.

Network with 17 comparators, fitness: 0.549098
[(0,1);(2,3);(4,5);(6,7);(8,9);(0,2);(4,6);(1,3);(5,7);(0,4);(1,5);(2,6);(3,7);(0,8);(1,9);(3,6);(7,9)]
NOT a sorting network.

Network with 17 comparators, fitness: 0.549187
[(0,1);(2,3);(4,5);(6,7);(8,9);(0,2);(4,6);(1,3);(5,7);(0,4);(1,5);(2,6);(3,7);(0,8);(1,9);(1,8);(1,6)]
NOT a sorting network.

Network with 17 comparators, fitness: 0.549187
[(0,1);(2,3);(4,5);(6,7);(8,9);(0,2);(4,6);(1,3);(5,7);(0,4);(1,5);(2,6);(3,7);(0,8);(1,9);(6,8);(1,8)]
NOT a sorting network.

Network with 17 comparators, fitness: 0.549187
[(0,1);(2,3);(4,5);(6,7);(8,9);(0,2);(4,6);(1,3);(5,7);(0,4);(1,5);(2,6);(3,7);(0,8);(1,9);(2,8);(2,5)]
NOT a sorting network.

Network with 17 comparators, fitness: 0.549187
[(0,1);(2,3);(4,5);(6,7);(8,9);(0,2);(4,6);(1,3);(5,7);(0,4);(1,5);(2,6);(3,7);(0,8);(1,9);(2,4);(2,9)]
NOT a sorting network.

Network with 17 comparators, fitness: 0.549187
[(0,1);(2,3);(4,5);(6,7);(8,9);(0,2);(4,6);(1,3);(5,7);(0,4);(1,5);(2,6);(3,7);(0,8);(1,9);(3,9);(4,9)]
NOT a sorting network.

Network with 17 comparators, fitness: 0.549187
[(0,1);(2,3);(4,5);(6,7);(8,9);(0,2);(4,6);(1,3);(5,7);(0,4);(1,5);(2,6);(3,7);(0,8);(1,9);(1,8);(7,8)]
NOT a sorting network.

Network with 17 comparators, fitness: 0.549187
[(0,1);(2,3);(4,5);(6,7);(8,9);(0,2);(4,6);(1,3);(5,7);(0,4);(1,5);(2,6);(3,7);(0,8);(1,9);(6,8);(7,8)]
NOT a sorting network.

Network with 17 comparators, fitness: 0.549187
[(0,1);(2,3);(4,5);(6,7);(8,9);(0,2);(4,6);(1,3);(5,7);(0,4);(1,5);(2,6);(3,7);(0,8);(1,9);(1,8);(7,9)]
NOT a sorting network.

Network with 17 comparators, fitness: 0.458189
[(0,1);(2,3);(4,5);(6,7);(8,9);(0,2);(4,6);(1,3);(5,7);(0,4);(1,5);(2,6);(3,7);(0,8);(1,9);(1,2);(1,4)]
NOT a sorting network.

Network with 17 comparators, fitness: 0.549187
[(0,1);(2,3);(4,5);(6,7);(8,9);(0,2);(4,6);(1,3);(5,7);(0,4);(1,5);(2,6);(3,7);(0,8);(1,9);(6,9);(3,9)]
NOT a sorting network.

Network with 17 comparators, fitness: 0.549187
[(0,1);(2,3);(4,5);(6,7);(8,9);(0,2);(4,6);(1,3);(5,7);(0,4);(1,5);(2,6);(3,7);(0,8);(1,9);(6,9);(1,6)]
NOT a sorting network.

Network with 17 comparators, fitness: 0.549187
[(0,1);(2,3);(4,5);(6,7);(8,9);(0,2);(4,6);(1,3);(5,7);(0,4);(1,5);(2,6);(3,7);(0,8);(1,9);(2,8);(7,8)]
NOT a sorting network.

Network with 17 comparators, fitness: 0.549187
[(0,1);(2,3);(4,5);(6,7);(8,9);(0,2);(4,6);(1,3);(5,7);(0,4);(1,5);(2,6);(3,7);(0,8);(1,9);(2,4);(7,8)]
NOT a sorting network.

Network with 17 comparators, fitness: 0.549187
[(0,1);(2,3);(4,5);(6,7);(8,9);(0,2);(4,6);(1,3);(5,7);(0,4);(1,5);(2,6);(3,7);(0,8);(1,9);(2,5);(4,9)]
NOT a sorting network.

Network with 17 comparators, fitness: 0.549187
[(0,1);(2,3);(4,5);(6,7);(8,9);(0,2);(4,6);(1,3);(5,7);(0,4);(1,5);(2,6);(3,7);(0,8);(1,9);(3,9);(7,8)]
NOT a sorting network.

Network with 17 comparators, fitness: 0.640185
[(0,1);(2,3);(4,5);(6,7);(8,9);(0,2);(4,6);(1,3);(5,7);(0,4);(1,5);(2,6);(3,7);(0,8);(1,9);(3,8);(7,8)]
NOT a sorting network.

Network with 17 comparators, fitness: 0.549187
[(0,1);(2,3);(4,5);(6,7);(8,9);(0,2);(4,6);(1,3);(5,7);(0,4);(1,5);(2,6);(3,7);(0,8);(1,9);(2,4);(7,9)]
NOT a sorting network.

Network with 17 comparators, fitness: 0.549187
[(0,1);(2,3);(4,5);(6,7);(8,9);(0,2);(4,6);(1,3);(5,7);(0,4);(1,5);(2,6);(3,7);(0,8);(1,9);(2,8);(7,9)]
NOT a sorting network.

Network with 17 comparators, fitness: 0.549187
[(0,1);(2,3);(4,5);(6,7);(8,9);(0,2);(4,6);(1,3);(5,7);(0,4);(1,5);(2,6);(3,7);(0,8);(1,9);(3,9);(7,9)]
NOT a sorting network.

Network with 17 comparators, fitness: 0.549187
[(0,1);(2,3);(4,5);(6,7);(8,9);(0,2);(4,6);(1,3);(5,7);(0,4);(1,5);(2,6);(3,7);(0,8);(1,9);(2,5);(3,4)]
NOT a sorting network.

Network with 17 comparators, fitness: 0.549276
[(0,1);(2,3);(4,5);(6,7);(8,9);(0,2);(4,6);(1,3);(5,7);(0,4);(1,5);(2,6);(3,7);(0,8);(1,9);(2,5);(1,6)]
NOT a sorting network.

Network with 17 comparators, fitness: 0.549276
[(0,1);(2,3);(4,5);(6,7);(8,9);(0,2);(4,6);(1,3);(5,7);(0,4);(1,5);(2,6);(3,7);(0,8);(1,9);(2,5);(2,9)]
NOT a sorting network.

Network with 17 comparators, fitness: 0.458278
[(0,1);(2,3);(4,5);(6,7);(8,9);(0,2);(4,6);(1,3);(5,7);(0,4);(1,5);(2,6);(3,7);(0,8);(1,9);(7,9);(1,2)]
NOT a sorting network.

Network with 17 comparators, fitness: 0.549276
[(0,1);(2,3);(4,5);(6,7);(8,9);(0,2);(4,6);(1,3);(5,7);(0,4);(1,5);(2,6);(3,7);(0,8);(1,9);(6,9);(7,8)]
NOT a sorting network.

Network with 17 comparators, fitness: 0.549276
[(0,1);(2,3);(4,5);(6,7);(8,9);(0,2);(4,6);(1,3);(5,7);(0,4);(1,5);(2,6);(3,7);(0,8);(1,9);(6,9);(7,9)]
NOT a sorting network.

Network with 17 comparators, fitness: 0.458278
[(0,1);(2,3);(4,5);(6,7);(8,9);(0,2);(4,6);(1,3);(5,7);(0,4);(1,5);(2,6);(3,7);(0,8);(1,9);(7,8);(1,2)]
NOT a sorting network.

Network with 17 comparators, fitness: 0.549276
[(0,1);(2,3);(4,5);(6,7);(8,9);(0,2);(4,6);(1,3);(5,7);(0,4);(1,5);(2,6);(3,7);(0,8);(1,9);(2,9);(4,9)]
NOT a sorting network.

Network with 17 comparators, fitness: 0.549365
[(0,1);(2,3);(4,5);(6,7);(8,9);(0,2);(4,6);(1,3);(5,7);(0,4);(1,5);(2,6);(3,7);(0,8);(1,9);(7,9);(2,5)]
NOT a sorting network.

Network with 17 comparators, fitness: 0.549365
[(0,1);(2,3);(4,5);(6,7);(8,9);(0,2);(4,6);(1,3);(5,7);(0,4);(1,5);(2,6);(3,7);(0,8);(1,9);(7,9);(2,7)]
NOT a sorting network.

Network with 17 comparators, fitness: 0.549365
[(0,1);(2,3);(4,5);(6,7);(8,9);(0,2);(4,6);(1,3);(5,7);(0,4);(1,5);(2,6);(3,7);(0,8);(1,9);(7,8);(2,5)]
NOT a sorting network.

Network with 17 comparators, fitness: 0.549365
[(0,1);(2,3);(4,5);(6,7);(8,9);(0,2);(4,6);(1,3);(5,7);(0,4);(1,5);(2,6);(3,7);(0,8);(1,9);(7,8);(2,9)]
NOT a sorting network.

Network with 17 comparators, fitness: 0.549453
[(0,1);(2,3);(4,5);(6,7);(8,9);(0,2);(4,6);(1,3);(5,7);(0,4);(1,5);(2,6);(3,7);(0,8);(1,9);(7,9);(1,6)]
NOT a sorting network.

Network with 17 comparators, fitness: 0.549453
[(0,1);(2,3);(4,5);(6,7);(8,9);(0,2);(4,6);(1,3);(5,7);(0,4);(1,5);(2,6);(3,7);(0,8);(1,9);(7,8);(1,6)]
NOT a sorting network.

